[gd_scene load_steps=6 format=3 uid="uid://cosufs1uo2mtj"]

[ext_resource type="PackedScene" uid="uid://b3kkuhb3gsmtn" path="res://models/mountain_scenario_low_poly.glb" id="1_o5qli"]
[ext_resource type="PackedScene" uid="uid://dnhuisef2cr1x" path="res://scenes/pou_player.tscn" id="2_0wfyh"]

[sub_resource type="ProceduralSkyMaterial" id="ProceduralSkyMaterial_0wfyh"]
sky_horizon_color = Color(0.662243, 0.671743, 0.686743, 1)
ground_horizon_color = Color(0.662243, 0.671743, 0.686743, 1)

[sub_resource type="Sky" id="Sky_sugp2"]
sky_material = SubResource("ProceduralSkyMaterial_0wfyh")

[sub_resource type="Environment" id="Environment_jyhfs"]
background_mode = 2
sky = SubResource("Sky_sugp2")
tonemap_mode = 2

[node name="main" type="Node3D"]

[node name="DirectionalLight3D" type="DirectionalLight3D" parent="."]
transform = Transform3D(-0.866025, -0.433013, 0.25, 0, 0.5, 0.866025, -0.5, 0.75, -0.433013, 0, 0, 0)
shadow_enabled = true

[node name="WorldEnvironment" type="WorldEnvironment" parent="."]
environment = SubResource("Environment_jyhfs")

[node name="Sketchfab_Scene" parent="." instance=ExtResource("1_o5qli")]

[node name="Camera3D" type="Camera3D" parent="."]
transform = Transform3D(-0.866025, 0, 0.5, 0, 1, 0, -0.5, 0, -0.866025, 16.2381, 2.45238, -7.29447)

[node name="PouPlayer" parent="." instance=ExtResource("2_0wfyh")]
transform = Transform3D(-0.866025, 0, 0.5, 0, 1, 0, -0.5, 0, -0.866025, 15.3865, 1.95303, -5.95192)
